$ 1 0.000005 382.76258214399064 64 5 43 5e-11
178 272 96 352 96 6 1 0.2 -0.022551350368842045 0.05 1000000 0.02 20 0.015 0.005 1
r 144 160 144 256 0 10000000
r 144 256 144 336 0 10000000
v 496 224 496 176 0 0 40 12 0 0 0.5
207 240 128 240 96 4 Vcc
207 448 160 448 128 4 GND
207 144 336 144 368 4 GND
207 144 160 144 128 4 Vcc
w 144 256 112 256 0
c 80 256 80 336 0 4.0000000000000003e-7 -3.0017017668944526 0.001
w 112 256 80 256 0
207 80 336 80 368 4 GND
w 144 256 192 256 0
f 192 256 240 256 32 1.5 0.02
207 240 336 240 368 4 GND
207 416 160 416 128 4 Vcc
r 464 288 464 368 0 2.2
w 240 128 256 128 0
w 256 128 272 128 0
207 464 288 464 256 4 Vcc
207 272 96 272 48 4 RelayCommon
207 352 80 352 48 4 RelayNC
207 384 112 384 80 4 RelayNO
w 352 112 384 112 0
w 352 128 368 128 0
w 368 128 368 176 0
w 368 240 352 240 0
w 432 368 464 368 0
w 432 288 464 288 0
207 432 288 432 240 4 RelayCommon
207 416 368 416 336 4 RelayNO
w 432 368 416 368 0
w 464 368 464 400 0
w 464 400 544 400 0
415 544 288 544 400 0 0.5 1 0.15 0.15 0.02 0.05 1 0
207 544 288 544 256 4 GND
207 544 160 544 128 4 Vcc
207 576 160 576 128 4 GND
s 448 160 448 224 0 0 false
s 416 160 416 224 0 1 false
s 544 160 544 224 0 0 false
s 576 160 576 224 0 1 false
w 544 224 496 224 0
w 576 224 544 224 0
w 416 224 448 224 0
w 448 224 464 224 0
w 464 224 464 176 0
w 464 176 496 176 0
d 352 240 240 240 2 1N4148
f 192 192 240 192 33 1.5 0.02
w 192 256 192 192 0
207 240 176 304 176 4 GND
w 368 208 368 240 0
x 212 166 294 169 4 16 P-MOSFET
x 249 267 332 270 4 16 N-MOSFET
w 240 208 272 208 0
w 368 208 368 176 0
d 272 208 368 208 2 1N4148
w 240 336 240 272 0
o 16 256 0 4099 10 6.4 0 2 16 3
